<svg width="200" height="200" viewBox="0 0 200 200" fill="none" xmlns="http://www.w3.org/2000/svg">
<rect width="200" height="200" rx="19" fill="#C086FF"/>
<path d="M54.4375 68.124C54.5059 67.5544 54.7109 66.9049 55.0527 66.1758C55.4173 65.4238 55.8161 65.0365 56.249 65.0137C61.262 64.763 67.1637 64.6377 73.9541 64.6377C73.2933 71.4281 72.3818 77.25 71.2197 82.1035C70.9463 82.4681 70.3766 82.9922 69.5107 83.6758C68.6449 84.3366 68.0296 84.7581 67.665 84.9404C66.3662 85.3278 64.3838 85.7152 61.7178 86.1025C59.0518 86.4899 56.4427 86.6836 53.8906 86.6836C55.6224 85.7493 57.4225 83.8467 59.291 80.9756C61.1823 78.0817 62.1279 75.8486 62.1279 74.2764C62.1279 72.6813 61.2962 71.2572 59.6328 70.0039C57.9694 68.7507 56.2376 68.124 54.4375 68.124ZM69.1689 60.1943C68.3031 55.9561 67.3005 52.4355 66.1611 49.6328C65.0218 46.8073 63.3812 44.1755 61.2393 41.7373C61.2848 41.3271 61.6722 40.8486 62.4014 40.3018C63.1305 39.7549 63.7458 39.4814 64.2471 39.4814C68.2347 39.9144 71.9375 40.7347 75.3555 41.9424C75.3099 43.2412 75.0137 45.6908 74.4668 49.291C73.9427 52.8913 73.43 55.7624 72.9287 57.9043C72.8376 58.2689 72.3249 58.7474 71.3906 59.3398C70.4792 59.9095 69.7386 60.1943 69.1689 60.1943ZM51.7715 84.3594C51.7715 84.7012 51.4069 85.1797 50.6777 85.7949C49.9714 86.3874 49.3333 86.6836 48.7637 86.6836C43.8646 85.7949 39.7061 83.5618 36.2881 79.9844C34.6247 78.2298 33.3031 76.1335 32.3232 73.6953C31.3662 71.2344 30.8877 68.6253 30.8877 65.8682C30.8877 63.0882 31.2295 60.4108 31.9131 57.8359C32.5967 55.2383 33.6676 52.7773 35.126 50.4531C36.6071 48.1061 38.3844 46.0553 40.458 44.3008C42.5544 42.5462 45.0951 41.1562 48.0801 40.1309C51.0879 39.1055 54.3691 38.5928 57.9238 38.5928C58.4479 38.5928 58.8695 38.6042 59.1885 38.627C55.8617 41.498 53.264 45.6452 51.3955 51.0684C49.527 56.4688 48.5928 62.3021 48.5928 68.5684C48.5928 74.8118 49.6523 80.0755 51.7715 84.3594Z" fill="black"/>
<path d="M92.3457 103H76.8623C79.9157 90.6953 82.1488 75.9411 83.5615 58.7373C83.5615 58.4183 83.9261 57.9626 84.6553 57.3701C85.4072 56.7777 86.0339 56.4814 86.5352 56.4814H102.087C98.8512 70.2217 96.6182 84.9645 95.3877 100.71C95.3877 101.029 95.0117 101.496 94.2598 102.111C93.5306 102.704 92.8926 103 92.3457 103ZM120.202 86.1494L119.724 94.5234C119.724 95.7539 119.951 96.7451 120.407 97.4971C120.863 98.249 121.706 98.7161 122.937 98.8984C122.709 100.334 122.333 101.507 121.809 102.419C117.684 103.376 113.902 103.854 110.461 103.854C105.083 103.854 102.395 101.94 102.395 98.1123C102.395 96.654 102.645 94.512 103.146 91.6865C103.671 88.8382 103.933 86.8786 103.933 85.8076C103.933 82.9593 102.919 81.4212 100.891 81.1934C101.779 78.1628 105.323 70.6774 111.521 58.7373C111.726 58.3271 112.147 57.8486 112.785 57.3018C113.423 56.7549 114.004 56.4814 114.528 56.4814H127.038C120.886 65.2314 114.392 72.5687 107.556 78.4932C108.535 78.4248 109.47 78.3906 110.358 78.3906C113.845 78.3906 116.351 79.04 117.878 80.3389C119.427 81.6149 120.202 83.5518 120.202 86.1494Z" fill="black"/>
<path d="M128.64 99.3574C129.323 92.8405 130.144 87.6908 131.101 83.9082C131.283 83.4525 131.682 82.9398 132.297 82.3701C132.935 81.7777 133.459 81.4814 133.869 81.4814H146.789C141.115 85.6969 136.057 90.8923 131.613 97.0674C131.363 97.4548 130.918 97.9333 130.28 98.5029C129.665 99.0726 129.118 99.3574 128.64 99.3574ZM165.588 109.987C164.904 116.322 164.095 121.506 163.161 125.539C162.956 125.995 162.535 126.519 161.896 127.111C161.281 127.704 160.769 128 160.358 128H147.438C152.976 123.898 158.034 118.635 162.614 112.209C162.933 111.776 163.389 111.298 163.981 110.773C164.597 110.249 165.132 109.987 165.588 109.987ZM124.948 125.744C135.202 110.705 143.553 95.9508 150.002 81.4814H166.716C167.24 81.4814 167.855 81.7777 168.562 82.3701C169.268 82.9398 169.655 83.3841 169.724 83.7031C169.2 84.569 168.129 86.3236 166.511 88.9668C164.893 91.61 163.868 93.2962 163.435 94.0254C163.002 94.7318 162.124 96.1787 160.803 98.3662C159.504 100.531 158.627 101.989 158.171 102.741C157.738 103.493 156.986 104.792 155.915 106.638C154.844 108.483 154.058 109.862 153.557 110.773L151.403 114.636C150.492 116.276 149.717 117.723 149.079 118.977C148.441 120.207 147.712 121.608 146.892 123.181C146.094 124.753 145.297 126.359 144.499 128H127.956C127.409 128 126.771 127.704 126.042 127.111C125.313 126.496 124.948 126.04 124.948 125.744Z" fill="black"/>
<path d="M52.608 101.56C53.184 101.56 53.76 101.8 54.336 102.28L55.2 103C55.776 103.48 56.064 104.08 56.064 104.8V108.76C56.064 109.48 55.776 110.08 55.2 110.56L54.336 111.28C53.76 111.76 53.184 112 52.608 112H44.616C44.04 112 43.464 111.76 42.888 111.28L42.024 110.56C41.448 110.08 41.16 109.48 41.16 108.76V107.32H44.184V108.004C44.184 108.364 44.196 108.604 44.22 108.724C44.268 108.82 44.4 108.952 44.616 109.12C44.832 109.288 45 109.396 45.12 109.444C45.24 109.468 45.516 109.48 45.948 109.48H51.276C51.708 109.48 51.984 109.468 52.104 109.444C52.224 109.396 52.392 109.288 52.608 109.12C52.824 108.952 52.944 108.82 52.968 108.724C53.016 108.604 53.04 108.364 53.04 108.004V105.088C53.016 104.896 52.872 104.68 52.608 104.44C52.392 104.272 52.224 104.176 52.104 104.152C51.984 104.104 51.708 104.08 51.276 104.08H44.976C44.4 104.08 43.824 103.84 43.248 103.36L42.384 102.64C41.808 102.16 41.52 101.56 41.52 100.84V97.24C41.52 96.52 41.808 95.92 42.384 95.44L43.248 94.72C43.824 94.24 44.4 94 44.976 94H52.608C53.184 94 53.76 94.24 54.336 94.72L55.2 95.44C55.776 95.92 56.064 96.52 56.064 97.24V98.68H53.04V97.996C53.04 97.636 53.016 97.408 52.968 97.312C52.944 97.192 52.824 97.048 52.608 96.88C52.392 96.712 52.224 96.616 52.104 96.592C51.984 96.544 51.708 96.52 51.276 96.52H46.308C45.876 96.52 45.6 96.544 45.48 96.592C45.36 96.616 45.192 96.712 44.976 96.88C44.76 97.048 44.628 97.192 44.58 97.312C44.556 97.408 44.544 97.636 44.544 97.996V100.084C44.544 100.444 44.556 100.684 44.58 100.804C44.628 100.9 44.76 101.032 44.976 101.2C45.192 101.368 45.36 101.476 45.48 101.524C45.6 101.548 45.876 101.56 46.308 101.56H52.608Z" fill="black"/>
<path d="M160.608 141.56C161.184 141.56 161.76 141.8 162.336 142.28L163.2 143C163.776 143.48 164.064 144.08 164.064 144.8V148.76C164.064 149.48 163.776 150.08 163.2 150.56L162.336 151.28C161.76 151.76 161.184 152 160.608 152H152.616C152.04 152 151.464 151.76 150.888 151.28L150.024 150.56C149.448 150.08 149.16 149.48 149.16 148.76V147.32H152.184V148.004C152.184 148.364 152.196 148.604 152.22 148.724C152.268 148.82 152.4 148.952 152.616 149.12C152.832 149.288 153 149.396 153.12 149.444C153.24 149.468 153.516 149.48 153.948 149.48H159.276C159.708 149.48 159.984 149.468 160.104 149.444C160.224 149.396 160.392 149.288 160.608 149.12C160.824 148.952 160.944 148.82 160.968 148.724C161.016 148.604 161.04 148.364 161.04 148.004V145.088C161.016 144.896 160.872 144.68 160.608 144.44C160.392 144.272 160.224 144.176 160.104 144.152C159.984 144.104 159.708 144.08 159.276 144.08H152.976C152.4 144.08 151.824 143.84 151.248 143.36L150.384 142.64C149.808 142.16 149.52 141.56 149.52 140.84V137.24C149.52 136.52 149.808 135.92 150.384 135.44L151.248 134.72C151.824 134.24 152.4 134 152.976 134H160.608C161.184 134 161.76 134.24 162.336 134.72L163.2 135.44C163.776 135.92 164.064 136.52 164.064 137.24V138.68H161.04V137.996C161.04 137.636 161.016 137.408 160.968 137.312C160.944 137.192 160.824 137.048 160.608 136.88C160.392 136.712 160.224 136.616 160.104 136.592C159.984 136.544 159.708 136.52 159.276 136.52H154.308C153.876 136.52 153.6 136.544 153.48 136.592C153.36 136.616 153.192 136.712 152.976 136.88C152.76 137.048 152.628 137.192 152.58 137.312C152.556 137.408 152.544 137.636 152.544 137.996V140.084C152.544 140.444 152.556 140.684 152.58 140.804C152.628 140.9 152.76 141.032 152.976 141.2C153.192 141.368 153.36 141.476 153.48 141.524C153.6 141.548 153.876 141.56 154.308 141.56H160.608Z" fill="black"/>
<path d="M86.268 134H80.616C80.04 134 79.464 133.76 78.888 133.28L78.024 132.56C77.448 132.08 77.16 131.48 77.16 130.76V116H80.184V130.004C80.184 130.364 80.196 130.604 80.22 130.724C80.268 130.82 80.4 130.952 80.616 131.12C80.832 131.288 81 131.396 81.12 131.444C81.24 131.468 81.516 131.48 81.948 131.48H85.836C86.268 131.48 86.556 131.456 86.7 131.408C86.868 131.36 87.168 131.204 87.6 130.94C88.032 130.676 88.284 130.484 88.356 130.364C88.428 130.244 88.464 130.004 88.464 129.644V116H91.488V130.004C91.488 130.364 91.5 130.604 91.524 130.724C91.572 130.82 91.704 130.952 91.92 131.12C92.136 131.288 92.256 131.432 92.28 131.552C92.328 131.648 92.352 131.876 92.352 132.236V134H91.092C90.66 134 90.36 133.976 90.192 133.928C90.048 133.856 89.832 133.7 89.544 133.46C89.16 133.148 88.968 132.848 88.968 132.56H88.824C88.824 132.848 88.56 133.148 88.032 133.46C87.6 133.724 87.3 133.88 87.132 133.928C86.988 133.976 86.7 134 86.268 134Z" fill="black"/>
<path d="M106.096 118.52H100.948C100.516 118.52 100.24 118.544 100.12 118.592C100 118.616 99.832 118.712 99.616 118.88C99.4 119.048 99.268 119.192 99.22 119.312C99.196 119.408 99.184 119.636 99.184 119.996V130.004C99.184 130.364 99.196 130.604 99.22 130.724C99.268 130.82 99.4 130.952 99.616 131.12C99.832 131.288 100 131.396 100.12 131.444C100.24 131.468 100.516 131.48 100.948 131.48H106.06C106.492 131.48 106.78 131.456 106.924 131.408C107.092 131.36 107.392 131.204 107.824 130.94C108.256 130.676 108.508 130.484 108.58 130.364C108.652 130.244 108.688 130.004 108.688 129.644V120.68C108.688 120.2 108.4 119.72 107.824 119.24C107.248 118.76 106.672 118.52 106.096 118.52ZM106.492 134H99.616C99.04 134 98.464 133.76 97.888 133.28L97.024 132.56C96.448 132.08 96.16 131.48 96.16 130.76V119.24C96.16 118.52 96.448 117.92 97.024 117.44L97.888 116.72C98.464 116.24 99.04 116 99.616 116H105.952C106.528 116 107.104 116.24 107.68 116.72C108.256 117.296 108.544 117.656 108.544 117.8H108.688V107.36H111.712V130.004C111.712 130.364 111.724 130.604 111.748 130.724C111.796 130.82 111.928 130.952 112.144 131.12C112.36 131.288 112.48 131.432 112.504 131.552C112.552 131.648 112.576 131.876 112.576 132.236V134H111.316C110.884 134 110.584 133.976 110.416 133.928C110.272 133.856 110.056 133.7 109.768 133.46C109.384 133.148 109.192 132.848 109.192 132.56H109.048C109.048 132.848 108.784 133.148 108.256 133.46C107.824 133.724 107.524 133.88 107.356 133.928C107.212 133.976 106.924 134 106.492 134Z" fill="black"/>
<path d="M120.328 134H117.304V116H120.328V134ZM120.652 110.384V110.672C120.652 111.128 120.628 111.416 120.58 111.536C120.556 111.656 120.448 111.8 120.256 111.968C120.064 112.16 119.62 112.256 118.924 112.256H118.744C118.216 112.256 117.892 112.244 117.772 112.22C117.652 112.196 117.508 112.112 117.34 111.968C117.172 111.8 117.064 111.656 117.016 111.536C116.992 111.416 116.98 111.128 116.98 110.672V110.384C116.98 109.928 116.992 109.64 117.016 109.52C117.064 109.4 117.184 109.256 117.376 109.088C117.52 108.944 117.652 108.86 117.772 108.836C117.892 108.812 118.216 108.8 118.744 108.8H118.888C119.608 108.8 120.076 108.896 120.292 109.088C120.46 109.256 120.556 109.4 120.58 109.52C120.628 109.64 120.652 109.928 120.652 110.384Z" fill="black"/>
<path d="M132.652 134H141.292C141.868 134 142.444 134.24 143.02 134.72L143.884 135.44C144.46 135.92 144.748 136.52 144.748 137.24V148.76C144.748 149.48 144.46 150.08 143.884 150.56L143.02 151.28C142.444 151.76 141.868 152 141.292 152H132.652C132.076 152 131.5 151.76 130.924 151.28L130.06 150.56C129.484 150.08 129.196 149.48 129.196 148.76V137.24C129.196 136.52 129.484 135.92 130.06 135.44L130.924 134.72C131.5 134.24 132.076 134 132.652 134ZM141.724 148.004V137.996C141.724 137.636 141.7 137.408 141.652 137.312C141.628 137.192 141.508 137.048 141.292 136.88C141.076 136.712 140.908 136.616 140.788 136.592C140.668 136.544 140.392 136.52 139.96 136.52H133.984C133.552 136.52 133.276 136.544 133.156 136.592C133.036 136.616 132.868 136.712 132.652 136.88C132.436 137.048 132.304 137.192 132.256 137.312C132.232 137.408 132.22 137.636 132.22 137.996V148.004C132.22 148.364 132.232 148.604 132.256 148.724C132.304 148.82 132.436 148.952 132.652 149.12C132.868 149.288 133.036 149.396 133.156 149.444C133.276 149.468 133.552 149.48 133.984 149.48H139.96C140.392 149.48 140.668 149.468 140.788 149.444C140.908 149.396 141.076 149.288 141.292 149.12C141.508 148.952 141.628 148.82 141.652 148.724C141.7 148.604 141.724 148.364 141.724 148.004Z" fill="black"/>
<path d="M65.3 89.96V95H69.908C70.22 95.24 70.4 95.432 70.448 95.576C70.52 95.696 70.556 96.032 70.556 96.584V97.52H65.3V109.004C65.3 109.364 65.312 109.604 65.336 109.724C65.384 109.82 65.516 109.952 65.732 110.12C65.948 110.288 66.116 110.396 66.236 110.444C66.356 110.468 66.632 110.48 67.064 110.48H70.34C70.652 110.72 70.832 110.912 70.88 111.056C70.952 111.176 70.988 111.512 70.988 112.064V113H65.732C65.156 113 64.58 112.76 64.004 112.28L63.14 111.56C62.564 111.08 62.276 110.48 62.276 109.76V97.52H60.548C60.236 97.28 60.044 97.1 59.972 96.98C59.924 96.836 59.9 96.488 59.9 95.936V95H62.276V89.96H65.3Z" fill="black"/>
</svg>
